512 512
255 256
254 257
253 258
252 259
251 260
250 261
249 262
248 263
247 264
246 265
245 266
244 267
243 268
242 269
241 270
240 271
239 272
238 273
237 274
236 275
235 276
234 277
233 278
232 279
231 280
230 281
229 282
228 283
227 284
226 285
225 286
224 287
223 288
222 289
221 290
220 291
219 292
218 293
217 294
216 295
215 296
214 297
213 298
212 299
211 300
210 301
209 302
208 303
207 304
206 305
205 306
204 307
203 308
202 309
201 310
200 311
199 312
198 313
197 314
196 315
195 316
194 317
193 318
192 319
191 320
190 321
189 322
188 323
187 324
186 325
185 326
184 327
183 328
182 329
181 330
180 331
179 332
178 333
177 334
176 335
175 336
174 337
173 338
172 339
171 340
170 341
169 342
168 343
167 344
166 345
165 346
164 347
163 348
162 349
161 350
160 351
159 352
158 353
157 354
156 355
155 356
154 357
153 358
152 359
151 360
150 361
149 362
148 363
147 364
146 365
145 366
144 367
143 368
142 369
141 370
140 371
139 372
138 373
137 374
136 375
135 376
134 377
133 378
132 379
131 380
130 381
129 382
128 383
127 384
126 385
125 386
124 387
123 388
122 389
121 390
120 391
119 392
118 393
117 394
116 395
115 396
114 397
113 398
112 399
111 400
110 401
109 402
108 403
107 404
106 405
105 406
104 407
103 408
102 409
101 410
100 411
99 412
98 413
97 414
96 415
95 416
94 417
93 418
92 419
91 420
90 421
89 422
88 423
87 424
86 425
85 426
84 427
83 428
82 429
81 430
80 431
79 432
78 433
77 434
76 435
75 436
74 437
73 438
72 439
71 440
70 441
69 442
68 443
67 444
66 445
65 446
64 447
63 448
62 449
61 450
60 451
59 452
58 453
57 454
56 455
55 456
54 457
53 458
52 459
51 460
50 461
49 462
48 463
47 464
46 465
45 466
44 467
43 468
42 469
41 470
40 471
39 472
38 473
37 474
36 475
35 476
34 477
33 478
32 479
31 480
30 481
29 482
28 483
27 484
26 485
25 486
24 487
23 488
22 489
21 490
20 491
19 492
18 493
17 494
16 495
15 496
14 497
13 498
12 499
11 500
10 501
9 502
8 503
7 504
6 505
5 506
4 507
3 508
2 509
1 510
0 511
0 511
1 510
2 509
3 508
4 507
5 506
6 505
7 504
8 503
9 502
10 501
11 500
12 499
13 498
14 497
15 496
16 495
17 494
18 493
19 492
20 491
21 490
22 489
23 488
24 487
25 486
26 485
27 484
28 483
29 482
30 481
31 480
32 479
33 478
34 477
35 476
36 475
37 474
38 473
39 472
40 471
41 470
42 469
43 468
44 467
45 466
46 465
47 464
48 463
49 462
50 461
51 460
52 459
53 458
54 457
55 456
56 455
57 454
58 453
59 452
60 451
61 450
62 449
63 448
64 447
65 446
66 445
67 444
68 443
69 442
70 441
71 440
72 439
73 438
74 437
75 436
76 435
77 434
78 433
79 432
80 431
81 430
82 429
83 428
84 427
85 426
86 425
87 424
88 423
89 422
90 421
91 420
92 419
93 418
94 417
95 416
96 415
97 414
98 413
99 412
100 411
101 410
102 409
103 408
104 407
105 406
106 405
107 404
108 403
109 402
110 401
111 400
112 399
113 398
114 397
115 396
116 395
117 394
118 393
119 392
120 391
121 390
122 389
123 388
124 387
125 386
126 385
127 384
128 383
129 382
130 381
131 380
132 379
133 378
134 377
135 376
136 375
137 374
138 373
139 372
140 371
141 370
142 369
143 368
144 367
145 366
146 365
147 364
148 363
149 362
150 361
151 360
152 359
153 358
154 357
155 356
156 355
157 354
158 353
159 352
160 351
161 350
162 349
163 348
164 347
165 346
166 345
167 344
168 343
169 342
170 341
171 340
172 339
173 338
174 337
175 336
176 335
177 334
178 333
179 332
180 331
181 330
182 329
183 328
184 327
185 326
186 325
187 324
188 323
189 322
190 321
191 320
192 319
193 318
194 317
195 316
196 315
197 314
198 313
199 312
200 311
201 310
202 309
203 308
204 307
205 306
206 305
207 304
208 303
209 302
210 301
211 300
212 299
213 298
214 297
215 296
216 295
217 294
218 293
219 292
220 291
221 290
222 289
223 288
224 287
225 286
226 285
227 284
228 283
229 282
230 281
231 280
232 279
233 278
234 277
235 276
236 275
237 274
238 273
239 272
240 271
241 270
242 269
243 268
244 267
245 266
246 265
247 264
248 263
249 262
250 261
251 260
252 259
253 258
254 257
255 256
